1
1.03838
1.09308
1.16311
1.24621
1.32295
1.4142
1.50555
1.64328
1.76308
1.87651
1.98922
2.07625
2.22346
2.36324
2.46837
2.63832
2.77264
2.89217
3.03319
3.20501
3.23355
3.36786
3.50414
3.62295
3.73956
3.85929
4.01213
4.15708
4.27106
4.30614
4.41983
4.39641
4.49548
4.59585
4.68872
4.74847
4.81113
4.87428
4.92916
4.98189
5.0331
5.08093
5.12665
5.17847
5.21473
5.25964
5.37519
5.43943
5.4825
5.51339
5.60971
5.60197
5.62392
5.69323
5.72647
5.75096
5.77256
5.78271
5.81861
5.84139
5.86162
5.88417
5.9384
5.98985
6.00712
6.02311
6.04989
6.0509
6.06975
6.09223
6.10832
6.20264
6.24558
6.2559
6.27669
6.28349
6.29868
6.3094
6.31441
6.31986
6.34066
6.34415
6.35651
6.36347
6.36498
6.37056
6.38296
6.38351
6.40436
6.41508
6.42719
6.44221
6.44076
6.44165
6.44214
6.45369
6.44643
6.45928
6.44808
