0.330558
0.358572
0.38105
0.416166
0.413126
0.443445
0.461103
0.474872
0.505355
0.498012
0.529247
0.540003
0.533986
0.562793
0.571867
0.57032
0.589791
0.599405
0.609547
0.613251
0.638357
0.624824
0.641145
0.637327
0.646522
0.644692
0.646025
0.663231
0.671117
0.676172
0.672538
0.673828
0.666086
0.678088
0.683797
0.674557
0.683925
0.697867
0.691864
0.676216
0.699186
0.686924
0.686924
0.692459
0.694868
0.700057
0.700562
0.705818
0.71062
0.701736
0.701918
0.711575
0.713357
0.715281
0.706877
0.719631
0.707679
0.704172
0.720429
0.727041
0.713588
0.712322
0.720788
0.723082
0.71219
0.720974
0.729522
0.712138
0.726293
0.725382
0.71933
0.723883
0.733121
0.718368
0.73369
0.716226
0.729226
0.732068
0.735159
0.734686
0.732172
0.733828
0.735615
0.729434
0.72034
0.722791
0.736085
0.730475
0.728895
0.745971
0.740636
0.74056
0.743582
0.735195
0.748287
0.743849
0.73514
0.746126
0.737149
0.727797
