39647
37895
37173
35226
35345
33397
32025
30181
28614
29701
28486
27205
26765
25498
25705
24747
24552
23683
23640
23294
21908
21756
21973
21368
21154
20850
21104
20386
20144
20553
20032
20487
19404
19709
18348
20016
19285
18495
19183
19510
18881
18931
18855
18937
18947
18846
18974
17951
18365
18327
18695
17758
17698
17597
18216
18257
17852
18608
17815
17837
17844
17922
17722
17241
17784
17762
17417
18272
17388
17392
17772
17565
16543
17498
17700
17557
17251
17358
17264
17290
17301
17538
17338
17738
17715
17270
17575
17574
17199
17123
16932
17421
17011
17931
17829
17168
16718
17508
17679
17250
